<?xml version="1.0" encoding="UTF-8"?>
<map version="1.4" tiledversion="1.4.3" orientation="orthogonal" renderorder="right-down" width="50" height="20" tilewidth="32" tileheight="32" infinite="0" nextlayerid="5" nextobjectid="1">
 <editorsettings>
  <export target="mitte.json" format="json"/>
 </editorsettings>
 <tileset firstgid="1" source="cija_32x32_expansion for Pipoya_CC0.tsx"/>
 <tileset firstgid="1996" name="tilesets_deviant_milkian_1" tilewidth="32" tileheight="32" tilecount="256" columns="16">
  <image source="tilesets_deviant_milkian_1.png" width="512" height="512"/>
 </tileset>
 <layer id="3" name="start" width="50" height="20">
  <data encoding="csv">
0,0,0,0,0,0,0,0,0,0,0,0,0,0,0,0,0,0,0,0,0,0,0,0,0,0,0,0,0,0,0,0,0,0,0,0,0,0,0,0,0,0,0,0,0,0,0,0,0,0,
0,0,0,0,0,0,0,0,0,0,0,0,0,0,0,0,0,0,0,0,0,0,0,0,0,0,0,0,0,0,0,0,0,0,0,0,0,0,0,0,0,0,0,0,0,0,0,0,0,0,
0,0,0,0,0,0,0,0,0,0,0,0,0,0,0,0,0,0,0,0,0,0,0,0,0,0,0,0,0,0,0,0,0,0,0,0,0,0,0,0,0,0,0,0,0,0,0,0,0,0,
0,0,0,0,0,0,0,0,0,0,0,0,0,0,0,0,0,0,0,0,0,0,0,0,0,0,0,0,0,0,0,0,0,0,0,0,0,0,0,0,0,0,0,0,0,0,0,0,0,0,
0,0,0,0,0,0,0,0,0,0,0,0,0,0,0,0,0,0,0,0,0,0,0,0,0,0,0,0,0,0,0,0,0,0,0,0,0,0,0,0,0,0,0,0,0,0,0,0,0,0,
0,0,0,0,0,0,0,0,0,0,0,0,0,0,0,0,0,0,0,0,0,0,0,0,0,0,0,0,0,0,0,0,0,0,0,0,0,0,0,0,0,0,0,0,0,0,0,0,0,0,
0,0,0,0,0,0,0,0,0,0,0,0,0,0,0,0,0,0,0,0,0,0,0,0,0,0,0,0,0,0,0,0,0,0,0,0,0,0,0,0,0,0,0,0,0,0,0,0,0,0,
0,0,0,0,0,0,0,0,0,0,0,0,0,0,0,0,0,0,0,0,0,0,0,0,0,0,0,0,0,0,0,0,0,0,0,0,0,0,0,0,0,0,0,0,0,0,0,0,0,0,
0,0,0,0,0,0,0,0,0,0,0,0,0,0,0,0,0,0,0,0,0,0,0,0,0,0,0,0,0,0,0,0,0,0,0,0,0,0,0,0,0,0,0,0,0,0,0,0,0,0,
0,0,0,0,0,0,0,0,0,0,0,0,0,0,0,0,0,0,0,0,0,0,0,0,0,0,0,0,0,0,0,0,0,0,0,0,0,0,0,0,0,0,0,0,0,0,0,0,0,0,
0,0,0,0,0,0,0,0,0,0,0,0,0,0,0,0,0,0,0,0,0,0,0,0,0,0,0,0,0,0,0,0,0,0,0,0,0,0,0,0,0,0,0,0,0,0,0,0,0,0,
0,0,0,0,0,0,0,0,0,0,0,0,0,0,0,0,0,0,0,0,0,0,0,0,0,0,0,0,0,0,0,0,0,0,0,0,0,0,0,0,0,0,0,0,0,0,0,0,0,0,
0,0,0,0,0,0,0,0,0,0,0,0,0,0,0,0,0,0,0,0,0,0,0,0,0,0,0,0,0,0,0,0,0,0,0,0,0,0,0,0,0,0,0,0,0,0,0,0,0,0,
0,0,0,0,0,0,0,0,0,0,0,0,0,0,0,0,0,0,0,0,0,0,0,0,0,0,0,0,0,0,0,0,0,0,0,0,0,0,0,0,0,0,0,0,0,0,0,0,0,0,
0,0,0,0,0,0,0,0,0,0,0,0,0,0,0,0,0,0,0,0,0,0,0,0,0,0,0,0,0,0,0,0,0,0,0,0,0,0,0,0,0,0,0,0,0,0,0,0,0,0,
0,0,0,0,0,0,0,0,0,0,0,0,0,0,0,0,0,0,0,0,0,0,0,0,0,0,0,0,0,0,0,0,0,0,0,0,0,0,0,0,0,0,0,0,0,0,0,0,0,0,
0,0,0,0,0,0,0,0,0,0,0,0,0,0,0,0,127,127,0,0,0,0,0,0,0,0,0,0,0,0,0,0,0,0,0,0,0,0,0,0,0,0,0,0,0,0,0,0,0,0,
0,0,0,0,0,0,0,0,0,0,0,0,0,0,0,0,127,127,0,0,0,0,0,0,0,0,0,0,0,0,0,0,0,0,0,0,0,0,0,0,0,0,0,0,0,0,0,0,0,0,
0,0,0,0,0,0,0,0,0,0,0,0,0,0,0,0,127,127,0,0,0,0,0,0,0,0,0,0,0,0,0,0,0,0,0,0,0,0,0,0,0,0,0,0,0,0,0,0,0,0,
0,0,0,0,0,0,0,0,0,0,0,0,0,0,0,0,0,0,0,0,0,0,0,0,0,0,0,0,0,0,0,0,0,0,0,0,0,0,0,0,0,0,0,0,0,0,0,0,0,0
</data>
 </layer>
 <layer id="4" name="floor" width="50" height="20">
  <data encoding="csv">
0,0,842,842,842,842,0,0,842,842,842,842,0,0,0,0,0,0,842,842,842,842,842,842,842,842,842,842,842,842,0,0,0,0,0,0,0,0,0,842,842,842,842,842,842,842,842,842,842,0,
0,872,872,872,872,872,872,872,872,872,872,872,0,0,0,0,0,0,872,872,872,872,872,872,872,872,872,872,872,872,0,0,0,0,0,0,0,0,0,872,872,872,872,872,872,872,872,872,872,0,
0,872,872,872,872,872,872,872,872,872,872,872,0,0,0,0,0,0,872,872,872,872,872,872,872,872,872,872,872,872,0,0,0,0,0,0,0,0,0,872,872,872,872,872,872,872,872,872,872,0,
0,872,872,872,872,872,872,872,872,872,872,872,0,0,0,0,0,0,872,872,872,872,872,872,872,872,872,872,872,872,0,0,0,0,0,0,0,0,0,872,872,872,872,872,872,872,872,872,872,0,
0,872,872,872,872,872,872,872,872,872,872,872,0,0,0,0,0,0,872,872,872,872,872,872,872,872,872,872,872,872,0,0,0,0,0,0,0,0,0,872,872,872,872,872,872,872,872,872,872,0,
0,872,872,872,872,872,872,872,872,872,872,872,0,0,0,0,0,0,872,872,872,872,872,872,872,872,872,872,872,872,0,0,0,0,0,0,0,0,0,872,872,872,872,872,872,872,872,872,872,0,
0,872,872,872,872,872,872,872,872,872,872,872,0,0,0,0,0,0,872,872,872,872,872,872,872,872,872,872,872,872,0,0,0,0,0,0,0,0,0,872,872,872,872,872,872,872,872,872,872,0,
0,872,872,872,872,872,872,872,872,872,872,872,0,0,0,0,0,0,872,872,872,872,872,872,872,872,872,872,872,872,0,0,0,0,0,0,0,0,0,872,872,872,872,872,872,872,872,872,872,0,
0,872,872,872,872,872,872,872,872,872,872,872,0,0,0,0,0,0,872,872,872,872,872,872,872,872,872,872,872,872,0,0,0,0,0,0,0,0,0,872,872,872,872,872,872,872,872,872,872,0,
0,872,872,872,872,872,872,872,872,872,872,872,872,872,872,872,872,872,872,872,872,872,872,872,872,872,872,872,872,872,872,872,872,872,872,872,872,872,872,872,872,872,872,872,872,872,872,872,872,0,
0,872,872,872,872,872,872,872,872,872,872,872,872,872,872,872,872,872,872,872,872,872,872,872,872,872,872,872,872,872,872,872,872,872,872,872,872,872,872,872,872,872,872,872,872,872,872,872,872,0,
0,872,872,872,872,872,872,872,872,872,872,872,872,872,872,872,619,621,872,872,872,872,872,872,872,872,872,872,872,872,872,872,872,872,872,872,872,872,872,872,872,872,872,872,872,872,872,872,872,0,
0,872,872,872,872,872,872,872,872,872,872,872,872,872,872,634,634,636,872,872,872,872,872,872,872,872,872,872,872,872,872,872,872,872,872,872,872,872,872,2086,2103,872,872,872,872,872,872,872,872,0,
0,872,872,872,872,872,872,872,872,872,872,872,872,872,872,634,634,636,872,872,872,872,872,872,872,872,872,872,2196,872,872,2212,872,872,872,872,872,872,872,2102,2119,872,872,872,872,872,872,872,872,0,
0,872,872,872,872,872,872,872,872,872,872,872,872,872,872,872,634,636,872,872,872,872,872,872,872,872,872,872,2212,872,872,2058,872,872,872,872,872,872,872,2102,2119,872,872,872,872,872,872,2104,2089,0,
0,872,872,872,872,872,872,872,872,872,872,872,872,872,872,872,634,636,872,872,872,872,872,872,872,872,872,872,2228,872,872,2074,872,872,872,872,872,872,872,2118,2119,872,872,872,872,872,872,2120,2105,0,
0,872,872,872,872,872,872,872,872,872,872,872,872,872,872,872,649,651,872,872,872,872,872,872,872,872,872,872,872,0,842,0,0,0,842,0,0,0,0,2134,2135,872,872,872,872,872,872,2120,2121,0,
0,872,872,872,872,872,872,872,872,872,872,872,872,872,872,872,575,575,872,872,872,872,872,872,872,872,872,872,2058,0,0,0,0,0,0,0,0,872,872,872,872,872,872,872,872,872,872,2136,2137,0,
0,872,872,872,872,872,872,872,872,872,872,872,872,872,872,872,575,575,872,872,872,872,872,872,872,872,872,872,2074,0,0,0,0,0,0,0,0,872,872,872,872,872,872,872,872,872,872,872,872,0,
0,842,842,842,842,842,842,842,842,842,842,842,842,842,842,842,575,575,0,842,842,842,842,842,842,842,842,842,842,0,0,0,0,0,0,0,0,842,842,842,842,842,842,842,842,842,842,842,842,0
</data>
 </layer>
 <layer id="1" name="walls" width="50" height="20">
  <data encoding="csv">
842,842,1225,1225,1225,1225,842,842,842,1225,1225,842,842,0,0,0,0,842,842,1225,1225,1225,1225,842,842,842,1225,1225,1225,842,842,0,0,0,0,0,0,0,842,842,1225,1225,1225,1225,1225,1225,1225,1225,842,842,
842,0,0,0,0,0,0,842,0,0,0,0,842,0,0,0,0,842,0,0,0,0,0,0,842,0,0,0,0,0,842,0,0,0,0,0,0,0,842,0,0,0,0,0,0,0,0,0,0,842,
842,0,0,0,0,0,0,0,0,0,0,0,842,0,0,0,0,842,0,0,0,0,0,0,842,0,0,0,0,0,842,0,0,0,0,0,0,0,842,0,0,0,0,0,0,0,0,0,0,842,
842,0,0,0,0,0,0,0,0,0,0,0,842,0,0,0,0,842,0,0,0,0,0,0,842,0,0,0,0,0,842,0,0,0,0,0,0,0,842,0,0,0,0,0,0,0,0,0,0,842,
842,0,0,0,0,0,0,842,842,842,842,842,842,0,0,0,0,842,0,0,0,0,0,0,842,0,0,0,0,0,842,0,0,0,0,0,0,0,842,0,0,0,0,0,0,0,0,0,0,842,
842,0,0,0,0,0,0,842,0,0,0,0,842,0,0,0,0,842,0,0,0,0,0,0,842,0,0,0,0,0,842,0,0,0,0,0,0,0,842,0,0,0,0,0,0,0,0,0,0,842,
842,0,0,0,0,0,0,842,0,0,0,0,842,0,0,0,0,842,0,0,0,0,0,0,842,0,0,0,0,0,842,0,0,0,0,0,0,0,842,0,0,0,0,0,0,0,0,0,0,842,
842,0,0,0,0,0,0,842,0,0,0,0,842,0,0,0,0,842,0,0,0,0,0,0,842,0,0,0,0,0,842,0,0,0,0,0,0,0,842,0,0,0,0,0,0,0,0,0,0,842,
842,842,842,842,0,0,842,842,842,0,842,842,842,842,842,842,842,842,842,842,842,0,0,842,842,842,0,0,842,842,842,842,0,0,0,0,0,0,842,0,0,0,0,0,0,0,0,0,0,842,
842,0,0,0,0,0,0,0,0,0,0,0,0,0,0,0,0,0,0,0,0,0,0,0,0,0,0,0,0,0,0,842,842,842,842,842,842,842,842,0,0,0,0,0,0,0,0,0,0,842,
842,0,0,842,0,0,0,0,0,0,0,0,0,0,0,0,0,0,0,0,0,0,0,0,0,0,0,0,0,0,0,0,0,0,0,0,0,0,0,0,0,0,0,0,0,0,0,0,0,842,
842,842,842,842,0,0,842,842,842,0,842,842,842,0,842,842,0,0,842,842,842,0,0,842,842,842,842,0,0,0,0,0,0,0,0,0,0,0,0,0,0,0,0,0,0,0,0,0,0,842,
842,0,0,0,0,0,0,842,0,0,0,842,0,0,0,842,0,0,842,0,0,0,0,0,0,0,842,0,842,842,0,842,842,842,0,842,842,842,842,0,0,0,0,0,0,0,0,0,0,842,
842,0,0,0,0,0,0,842,0,0,0,842,0,0,0,842,0,0,842,0,0,0,0,0,0,0,842,0,0,842,0,0,842,0,0,0,0,0,842,0,0,0,0,0,0,0,0,0,0,842,
842,0,0,0,0,0,0,842,0,0,0,842,0,0,0,842,0,0,842,0,0,0,0,0,0,0,842,0,0,842,0,0,842,0,0,0,0,0,842,0,0,0,0,0,0,0,0,0,0,842,
842,0,0,0,0,0,0,842,0,0,0,842,0,0,0,842,0,0,842,0,0,0,0,0,0,0,842,0,0,842,0,0,842,0,0,0,0,0,842,0,0,0,0,0,0,0,0,0,0,842,
842,0,0,0,0,0,0,842,0,0,0,842,0,0,0,842,0,0,842,0,0,0,0,0,0,0,842,0,0,842,1225,842,842,842,1225,842,842,842,842,0,0,0,0,0,0,0,0,0,0,842,
842,0,0,0,0,0,0,842,0,0,0,842,0,0,0,842,0,0,842,0,0,0,0,0,0,0,842,0,0,842,0,0,0,0,0,0,842,0,0,0,0,0,0,0,0,0,0,0,0,842,
842,0,0,0,0,0,0,842,0,0,0,842,0,0,0,842,0,0,842,0,0,0,0,0,0,0,842,0,0,842,0,0,0,0,0,0,842,0,0,0,0,0,0,0,0,0,0,0,0,842,
842,842,1225,1225,1225,1225,842,842,842,1225,842,842,842,1225,842,842,842,842,842,842,1225,1225,1225,1225,1225,842,842,1225,842,842,0,0,0,0,0,0,842,842,1225,1225,1225,1225,1225,1225,1225,1225,1225,1225,842,842
</data>
 </layer>
 <objectgroup id="2" name="floorLayer"/>
</map>
